MEMORY
  total           16307 KB
  struct            159 KB
  buffer            788 KB
  arena           15360 KB, used 0.4%

SIZES
  narena                15728640
  nbuffer               806608
  nplugin               0
  maxuse_stack          13124
  maxuse_arena          55580
  maxuse_con            7
  maxuse_efc            28
  ncon                  3
  ne                    0
  nf                    0
  nl                    3
  nefc                  15
  nJ                    525
  nA                    0
  nisland               1
  nidof                 35
  ntree_awake           1
  nbody_awake           31
  nparent_awake         30
  nv_awake              35
  threadpool            0

TIMER
    0:  duration =  0.2        number = 1
    1:  duration =  0.2        number = 1
    2:  duration =  0          number = 0
    3:  duration =  0.17       number = 1
    4:  duration =  0.0045     number = 1
    5:  duration =  0.0013     number = 1
    6:  duration =  0.022      number = 1
    7:  duration =  0.0011     number = 1
    8:  duration =  0.0085     number = 1
    9:  duration =  0.004      number = 1
    10:  duration =  0.14       number = 1
    11:  duration =  0.01       number = 1
    12:  duration =  0.00014    number = 1
    13:  duration =  0.0089     number = 1
    14:  duration =  0.11       number = 1

SOLVER STAT
  solver_fwdinv =   0         0       
  ISLAND 0
    solver_niter = 2
    solver_nnz = 1225
      0:  improvement =  6.1e+03     gradient =  0.26        lineslope =  0       
          nactive = 9   nchange = 2   neval = 3   nupdate = 2
      1:  improvement =  1.3         gradient =  6.1e-16     lineslope =  0       
          nactive = 9   nchange = 0   neval = 2   nupdate = 0

ENERGY =   0         0       

TIME =  0.54    

QPOS
  -0.022   
   0.093   
   0.71    
   0.97    
  -0.1     
  -0.14    
  -0.16    
  -0.22    
   0.013   
   0.24    
   0.93    
  -0.45    
   0.29    
  -0.024   
  -0.27    
   0.06    
   0.18    
   0.31    
   0.26    
  -0.38    
  -0.53    
  -0.45    
   1.1     
  -0.014   
  -0.078   
   0.71    
   0.072   
  -0.72    
  -0.44    
   0.0025  
  -0.35    
   0.22    
   0.95    
  -0.022   
   0.51    
  -0.059   

QVEL
  -0.15    
   0.73    
  -0.27    
  -1.1     
  -0.25    
   0.38    
  -0.71    
   1.5     
   2       
   0.7     
  -0.5     
   0.31    
   2.7     
  -3.6     
  -2.2     
   1.9     
   1.8     
  -0.048   
  -1.4     
   0.14    
  -3.3     
   1       
  -4       
  -5.3     
   0.97    
   16      
   0.82    
  -1.3     
  -5       
   7.2     
  -5.1     
   4       
  -15      
  -2.2     
  -0.68    

QACC_WARMSTART
  -0.9     
   6.2     
   0.45    
  -18      
  -41      
   13      
   39      
  -19      
  -1.4e+02 
   53      
  -1e+02   
  -6e+02   
   64      
   14      
  -6.7     
   1.1e+02 
   42      
   0.14    
   1.1e+02 
  -6.2     
   1.3e+02 
  -2.5e+02 
  -7.8e+02 
   2.6e+03 
  -26      
   6.4e+03 
  -8e+02   
   1.3e+03 
   3.1e+02 
   5.1e+02 
  -1.1e+03 
  -1.3e+02 
  -5.9e+03 
   1.9e+02 
   1.7e+03 

CTRL
  -0.43    
   0.28    
   0.33    
   0.59    
  -0.2     
   0.22    
   0.16    
  -0.43    
   0.0092  
   0.29    
   0.57    
   0.46    
  -0.44    
  -1.8     
  -0.45    
   0.97    
  -0.22    
  -0.6     
   0.63    
   0.16    
  -0.67    
  -0.65    
   0.064   
  -0.19    
   0.21    
   1.2     
   0.14    
   0.43    
  -0.15    

QFRC_APPLIED
   0       
   0       
   0       
   0       
   0       
   0       
   0       
   0       
   0       
   0       
   0       
   0       
   0       
   0       
   0       
   0       
   0       
   0       
   0       
   0       
   0       
   0       
   0       
   0       
   0       
   0       
   0       
   0       
   0       
   0       
   0       
   0       
   0       
   0       
   0       

XFRC_APPLIED
   0         0         0         0         0         0       
   0         0         0         0         0         0       
   0         0         0         0         0         0       
   0         0         0         0         0         0       
   0         0         0         0         0         0       
   0         0         0         0         0         0       
   0         0         0         0         0         0       
   0         0         0         0         0         0       
   0         0         0         0         0         0       
   0         0         0         0         0         0       
   0         0         0         0         0         0       
   0         0         0         0         0         0       
   0         0         0         0         0         0       
   0         0         0         0         0         0       
   0         0         0         0         0         0       
   0         0         0         0         0         0       
   0         0         0         0         0         0       
   0         0         0         0         0         0       
   0         0         0         0         0         0       
   0         0         0         0         0         0       
   0         0         0         0         0         0       
   0         0         0         0         0         0       
   0         0         0         0         0         0       
   0         0         0         0         0         0       
   0         0         0         0         0         0       
   0         0         0         0         0         0       
   0         0         0         0         0         0       
   0         0         0         0         0         0       
   0         0         0         0         0         0       
   0         0         0         0         0         0       
   0         0         0         0         0         0       

QACC
  -0.9     
   6.2     
   0.45    
  -18      
  -41      
   13      
   39      
  -19      
  -1.4e+02 
   53      
  -1e+02   
  -6e+02   
   64      
   14      
  -6.7     
   1.1e+02 
   42      
   0.14    
   1.1e+02 
  -6.2     
   1.3e+02 
  -2.5e+02 
  -7.8e+02 
   2.6e+03 
  -26      
   6.4e+03 
  -8e+02   
   1.3e+03 
   3.1e+02 
   5.1e+02 
  -1.1e+03 
  -1.3e+02 
  -5.9e+03 
   1.9e+02 
   1.7e+03 

SENSOR
  -0.22    
   0.0053  
   0.23    
   0.93    
  -0.45    
   0.29    
  -0.037   
  -0.25    
   0.07    
   0.17    
   0.3     
   0.26    
  -0.37    
  -0.53    
  -0.43    
   1.1     
   0.0063  
  -0.051   
   0.7     
  -0.0069  
  -0.72    
  -0.44    
   0.028   
  -0.39    
   0.25    
   0.94    
   0.052   
   0.52    
  -0.056   
  -0.91    
   1.6     
   2.7     
   0.43    
   0.021   
   3.3     
   2.3     
  -3.6     
  -2.1     
   1.4     
   1.5     
  -0.049   
  -1.9     
   0.17    
  -4       
   2.3     
  -0.061   
  -19      
   1.1     
  -16      
   4.8     
  -8       
  -6.5     
   4.7     
   0.59    
   4.6     
   15      
  -3.1     
  -9.4     
  -37      
   34      
   1.6     
  -69      
   4.9     
  -8       
   28      
  -7.7     
   1.4     
   18      
   1.4     
   0.057   
  -3.9     
   0.71    
   17      
  -13      
  -22      
   9.4     
  -5.9     
   25      
  -5       
   5       
   17      
   10      
  -2.9     
   3.6     
  -25      
   2.4     
   5       
   0.97    
  -0.099   
  -0.14    
  -0.16    
  -1       
  -0.041   
   0.31    
   0.42    
   3.9     
   11      
  -0.021   
   0.089   
   0.72    
  -0.14    
   0.7     
  -0.27    
   0.87    
  -0.31    
  -0.058   
  -0.37    
  -0.76    
   0.46    
  -1.6     
  -16      
  -5.2     
   7       

TREE_ASLEEP
  -11

XPOS
   0         0         0       
  -0.021     0.089     0.72    
   0.025     0.12      0.61    
   0.056     0.16      0.58    
   0.14      0.12      0.5     
   0.18      0.061     0.32    
   0.041     0.0073    0.057   
   0.04      0.0024    0.04    
  -0.019     0.0053    0.63    
  -0.029    -0.05      0.61    
   0.031    -0.12      0.52    
   0.019    -0.2       0.35    
   0.02     -0.33      0.074   
   0.015    -0.33      0.058   
  -0.021     0.089     0.72    
  -0.032     0.1       0.75    
  -0.03      0.11      0.76    
  -0.0035    0.35      0.85    
   0.013     0.38      0.83    
  -0.044     0.36      0.75    
  -0.08      0.33      0.68    
  -0.076     0.26      0.6     
  -0.072     0.24      0.58    
  -0.041     0.2       0.56    
  -0.14      0.24      0.96    
  -0.17      0.22      0.97    
  -0.18      0.12      0.94    
  -0.18      0.045     0.92    
  -0.14     -0.049     0.91    
  -0.13     -0.084     0.91    
  -0.13     -0.13      0.89    

XQUAT
   1         0         0         0       
   0.97     -0.099    -0.14     -0.16    
   0.95     -0.12     -0.24     -0.15    
   0.93     -0.13     -0.32     -0.14    
   0.94     -0.16     -0.31     -0.034   
   0.96     -0.12      0.23     -0.11    
   0.99     -0.14      0.013    -0.085   
   1         0.0019    0.00054  -0.086   
   0.97     -0.1      -0.15     -0.16    
   0.93     -0.24     -0.22     -0.18    
   0.94     -0.24     -0.21     -0.15    
   0.96     -0.21     -0.044    -0.19    
   0.95     -0.18      0.1      -0.22    
   0.97     -0.056     0.071    -0.23    
   0.93     -0.073    -0.15     -0.34    
   0.87     -0.31     -0.058    -0.37    
   0.84     -0.38     -0.24     -0.29    
   0.91     -0.099     0.2      -0.35    
   0.89     -0.22      0.25     -0.32    
   0.88     -0.23      0.24     -0.34    
   0.74     -0.095     0.53     -0.4     
   0.74     -0.098     0.53     -0.4     
   0.88     -0.23      0.24     -0.34    
   0.79     -0.28      0.18     -0.52    
   0.78     -0.49     -0.19     -0.33    
   0.75     -0.53     -0.17     -0.34    
   0.79     -0.55     -0.11     -0.24    
   0.75     -0.38      0.26     -0.47    
   0.76     -0.36      0.25     -0.47    
   0.67     -0.23      0.44     -0.55    
   0.66     -0.24      0.43     -0.57    

XMAT
   1         0         0         0         1         0         0         0         1       
   0.91      0.34     -0.23     -0.29      0.93      0.24      0.3      -0.15      0.94    
   0.84      0.34     -0.42     -0.23      0.93      0.29      0.49     -0.15      0.86    
   0.75      0.34     -0.56     -0.18      0.93      0.33      0.63     -0.14      0.76    
   0.81      0.16     -0.56      0.035     0.94      0.33      0.59     -0.28      0.76    
   0.87      0.16      0.47     -0.27      0.94      0.18     -0.41     -0.28      0.87    
   0.99      0.16      0.05     -0.17      0.94      0.28     -0.0014   -0.28      0.96    
   0.99      0.17      0.00074  -0.17      0.99     -0.004    -0.0014    0.0038    1       
   0.9       0.34     -0.26     -0.28      0.93      0.25      0.33     -0.15      0.93    
   0.84      0.44     -0.32     -0.23      0.82      0.52      0.49     -0.36      0.8     
   0.87      0.38     -0.32     -0.18      0.84      0.52      0.46     -0.39      0.8     
   0.93      0.38     -0.0042   -0.34      0.84      0.43      0.16     -0.39      0.9     
   0.89      0.38      0.27     -0.45      0.84      0.31     -0.11     -0.39      0.91    
   0.89      0.43      0.16     -0.45      0.89      0.077    -0.11     -0.14      0.98    
   0.72      0.65     -0.23     -0.61      0.76      0.24      0.33     -0.032     0.94    
   0.72      0.68      0.13     -0.61      0.54      0.59      0.33     -0.5       0.8     
   0.71      0.68     -0.19     -0.3       0.54      0.79      0.64     -0.5       0.59    
   0.67      0.6       0.43     -0.68      0.73      0.039    -0.29     -0.32      0.9     
   0.67      0.46      0.58     -0.68      0.69      0.24     -0.29     -0.55      0.78    
   0.65      0.49      0.58     -0.71      0.66      0.24     -0.27     -0.57      0.78    
   0.12      0.49      0.86     -0.7       0.66     -0.28     -0.71     -0.57      0.42    
   0.12      0.49      0.86     -0.7       0.66     -0.28     -0.71     -0.57      0.42    
   0.66      0.49      0.57     -0.71      0.66      0.25     -0.26     -0.57      0.78    
   0.39      0.72      0.57     -0.92      0.3       0.25      0.0087   -0.62      0.78    
   0.71      0.7       0.025    -0.33      0.3       0.9       0.62     -0.64      0.44    
   0.71      0.7       0.1      -0.33      0.2       0.92      0.62     -0.69      0.37    
   0.86      0.5       0.1      -0.27      0.27      0.92      0.44     -0.82      0.37    
   0.43      0.5       0.75     -0.9       0.27      0.33     -0.039    -0.82      0.57    
   0.43      0.54      0.72     -0.9       0.29      0.32     -0.039    -0.79      0.61    
   0.008     0.54      0.84     -0.94      0.29     -0.18     -0.34     -0.79      0.51    
  -0.022     0.54      0.84     -0.96      0.24     -0.18     -0.29     -0.81      0.51    

XIPOS
   0         0         0       
  -0.0034    0.071     0.64    
   0.055     0.16      0.58    
   0.13      0.13      0.53    
   0.18      0.058     0.35    
   0.13      0.042     0.21    
   0.034     0.012     0.067   
   0.066    -0.002     0.023   
  -0.027    -0.046     0.61    
   0.024    -0.1       0.55    
   0.033    -0.18      0.37    
   0.023    -0.26      0.24    
   0.017    -0.32      0.085   
   0.036    -0.35      0.039   
  -0.022     0.091     0.74    
  -0.031     0.11      0.76    
  -0.061     0.25      0.87    
   0.013     0.38      0.83    
  -0.02      0.37      0.78    
  -0.08      0.33      0.69    
  -0.079     0.29      0.63    
  -0.074     0.25      0.59    
  -0.058     0.22      0.57    
  -0.013     0.14      0.57    
  -0.17      0.22      0.97    
  -0.18      0.16      0.96    
  -0.18      0.055     0.92    
  -0.16     -0.018     0.91    
  -0.13     -0.065     0.91    
  -0.13     -0.1       0.9     
  -0.13     -0.19      0.87    

XIMAT
   1         0         0         0         1         0         0         0         1       
   0.91      0.34     -0.23     -0.29      0.93      0.24      0.3      -0.15      0.94    
   0.88      0.013    -0.48     -0.17      0.94     -0.29      0.45      0.34      0.83    
   0.89      0.41     -0.22     -0.37      0.91      0.21      0.29     -0.11      0.95    
  -0.0083   -1        -0.045     0.9      -0.027     0.43     -0.43     -0.037     0.9     
   0.7      -0.52      0.48      0.46      0.85      0.25     -0.54      0.051     0.84    
   0.16     -0.4       0.9       0.94      0.33     -0.026    -0.28      0.85      0.43    
   0.061    -0.17      0.98     -0.016    -0.99     -0.17      1        -0.0053   -0.063   
   0.88      0.47      0.042    -0.36      0.61      0.7       0.3      -0.63      0.71    
   0.93      0.36      0.055    -0.36      0.85      0.39      0.097    -0.38      0.92    
   0.56     -0.82      0.12      0.79      0.57      0.23     -0.25     -0.035     0.97    
   0.39      0.92     -0.036    -0.85      0.38      0.37      0.35     -0.11      0.93    
   0.38     -0.16      0.91      0.84      0.48     -0.26     -0.39      0.86      0.32    
   0.22     -0.43      0.87      0.051    -0.89     -0.45      0.97      0.14     -0.17    
  -0.37     -0.61      0.7       0.36     -0.79     -0.49      0.85      0.073     0.52    
   0.72      0.68      0.1      -0.61      0.56      0.56      0.33     -0.47      0.82    
   0.71      0.68     -0.16     -0.33      0.53      0.78      0.62     -0.5       0.61    
   0.63     -0.75     -0.21      0.76      0.65     -0.03      0.16     -0.14      0.98    
   0.44     -0.7       0.56      0.7       0.66      0.27     -0.56      0.27      0.78    
   0.5      -0.75      0.44      0.62      0.66      0.42     -0.61      0.057     0.79    
   0.56      0.81     -0.18      0.31     -0.41     -0.86     -0.77      0.43     -0.48    
   0.86      0.047    -0.5      -0.28      0.87     -0.4       0.42      0.49      0.77    
   0.75      0.1       0.65      0.65     -0.33     -0.69      0.15      0.94     -0.32    
   0.77      0.54      0.34      0.24      0.25     -0.94     -0.59      0.81      0.062   
   0.71     -0.7       0.055    -0.18     -0.11      0.98     -0.68     -0.71     -0.21    
   0.71     -0.7       0.063     0.21      0.3       0.93     -0.67     -0.65      0.36    
   0.46     -0.88     -0.12      0.32      0.037     0.95     -0.83     -0.48      0.3     
   0.23      0.83      0.5       0.58      0.29     -0.76     -0.78      0.47     -0.42    
   0.73     -0.58     -0.37      0.32      0.76     -0.57      0.61      0.29      0.74    
  -0.21      0.98     -0.056     0.33      0.017    -0.94     -0.92     -0.22     -0.33    
   0.5       0.86      0.025     0.32     -0.16     -0.94     -0.8       0.48     -0.35    

XANCHOR
  -0.021     0.089     0.72    
   0.025     0.12      0.61    
   0.056     0.16      0.58    
   0.14      0.12      0.5     
   0.18      0.061     0.32    
   0.041     0.0073    0.057   
   0.04      0.0024    0.04    
  -0.019     0.0053    0.63    
  -0.029    -0.05      0.61    
   0.031    -0.12      0.52    
   0.019    -0.2       0.35    
   0.02     -0.33      0.074   
   0.015    -0.33      0.058   
  -0.021     0.089     0.72    
  -0.032     0.1       0.75    
  -0.03      0.11      0.76    
  -0.0035    0.35      0.85    
   0.013     0.38      0.83    
  -0.044     0.36      0.75    
  -0.08      0.33      0.68    
  -0.076     0.26      0.6     
  -0.072     0.24      0.58    
  -0.041     0.2       0.56    
  -0.14      0.24      0.96    
  -0.17      0.22      0.97    
  -0.18      0.12      0.94    
  -0.18      0.045     0.92    
  -0.14     -0.049     0.91    
  -0.13     -0.084     0.91    
  -0.13     -0.13      0.89    

XAXIS
   0         0         1       
   0.34      0.93     -0.15    
   0.75     -0.18      0.63    
  -0.56      0.33      0.76    
   0.16      0.94     -0.28    
   0.16      0.94     -0.28    
   0.99     -0.17     -0.0014  
   0.34      0.93     -0.15    
   0.84     -0.23      0.49    
  -0.32      0.52      0.8     
   0.38      0.84     -0.39    
   0.38      0.84     -0.39    
   0.89     -0.45     -0.11    
  -0.23      0.24      0.94    
   0.72     -0.61      0.33    
   0.68      0.54     -0.5     
   0.6       0.73     -0.32    
   0.67     -0.68     -0.29    
   0.58      0.24      0.78    
   0.49      0.66     -0.57    
   0.12     -0.7      -0.71    
   0.49      0.66     -0.57    
   0.57      0.25      0.78    
   0.7       0.3      -0.64    
   0.71     -0.33      0.62    
   0.1       0.92      0.37    
   0.5       0.27     -0.82    
   0.43     -0.9      -0.039   
   0.54      0.29     -0.79    
   0.84     -0.18      0.51    

GEOM_XPOS
   0         0         0       
  -0.0034    0.071     0.64    
  -0.0022    0.071     0.64    
  -0.0022    0.071     0.64    
   0.051     0.16      0.58    
   0.051     0.16      0.58    
   0.12      0.14      0.55    
   0.12      0.14      0.55    
   0.17      0.085     0.41    
   0.17      0.085     0.41    
   0.13      0.038     0.2     
   0.13      0.038     0.2     
   0.036     0.0057    0.049   
   0.036     0.0057    0.049   
   0.066    -0.002     0.026   
   0.074    -0.0034    0.0099  
  -0.0053    0.036     0.01    
  -0.014    -0.014     0.0099  
   0.16      0.012     0.0099  
   0.15     -0.048     0.0097  
  -0.029    -0.045     0.61    
  -0.029    -0.045     0.61    
   0.022    -0.093     0.57    
   0.022    -0.093     0.57    
   0.035    -0.16      0.43    
   0.035    -0.16      0.43    
   0.03     -0.26      0.24    
   0.03     -0.26      0.24    
   0.014    -0.33      0.067   
   0.014    -0.33      0.067   
   0.036    -0.35      0.041   
   0.041    -0.35      0.024   
  -0.023    -0.29      0.03    
  -0.045    -0.34      0.037   
   0.13     -0.36      0.011   
   0.1      -0.42      0.019   
  -0.022     0.091     0.73    
  -0.031     0.1       0.75    
  -0.051     0.22      0.85    
  -0.051     0.22      0.85    
  -0.068     0.28      0.89    
  -0.068     0.28      0.89    
  -0.095     0.4       0.99    
  -0.095     0.4       0.99    
  -0.023     0.093     0.75    
  -0.023     0.093     0.75    
   0.013     0.38      0.84    
   0.016     0.38      0.83    
  -0.0049    0.38      0.8     
  -0.017     0.37      0.79    
  -0.069     0.34      0.71    
  -0.069     0.34      0.71    
  -0.077     0.3       0.63    
  -0.077     0.3       0.63    
  -0.074     0.25      0.59    
  -0.074     0.25      0.59    
  -0.057     0.22      0.57    
  -0.057     0.22      0.57    
  -0.033     0.19      0.56    
  -0.033     0.19      0.56    
  -0.00078   0.11      0.57    
  -0.16      0.23      0.97    
  -0.17      0.22      0.98    
  -0.18      0.18      0.97    
  -0.18      0.17      0.96    
  -0.18      0.078     0.92    
  -0.18      0.078     0.92    
  -0.16     -0.0087    0.92    
  -0.16     -0.0087    0.92    
  -0.13     -0.066     0.91    
  -0.13     -0.066     0.91    
  -0.13     -0.11      0.9     
  -0.13     -0.11      0.9     
  -0.13     -0.15      0.89    
  -0.13     -0.15      0.89    
  -0.12     -0.23      0.86    

GEOM_XMAT
   1         0         0         0         1         0         0         0         1       
   0.91      0.34     -0.23     -0.29      0.93      0.24      0.3      -0.15      0.94    
   0.34     -0.25      0.9       0.93      0.25     -0.28     -0.15      0.94      0.32    
   0.34     -0.25      0.9       0.93      0.25     -0.28     -0.15      0.94      0.32    
   0.81     -0.1      -0.58     -0.1       0.94     -0.31      0.58      0.31      0.75    
   0.81     -0.1      -0.58     -0.1       0.94     -0.31      0.58      0.31      0.75    
   0.9       0.36     -0.27     -0.29      0.92      0.25      0.33     -0.14      0.93    
   0.9       0.36     -0.27     -0.29      0.92      0.25      0.33     -0.14      0.93    
   0.12     -0.98     -0.14      0.94      0.069     0.35     -0.33     -0.17      0.93    
   0.12     -0.98     -0.14      0.94      0.069     0.35     -0.33     -0.17      0.93    
   0.26     -0.82      0.5       0.88      0.42      0.23     -0.4       0.38      0.84    
   0.26     -0.82      0.5       0.88      0.42      0.23     -0.4       0.38      0.84    
   0.16     -0.79      0.59      0.94      0.3       0.14     -0.28      0.53      0.8     
   0.16     -0.79      0.59      0.94      0.3       0.14     -0.28      0.53      0.8     
   0.081    -0.17      0.98     -0.02     -0.99     -0.17      1        -0.0056   -0.083   
   0.99      0.17      0.00074  -0.17      0.99     -0.004    -0.0014    0.0038    1       
   0.99      0.17      0.00074  -0.17      0.99     -0.004    -0.0014    0.0038    1       
   0.99      0.17      0.00074  -0.17      0.99     -0.004    -0.0014    0.0038    1       
   0.99      0.17      0.00074  -0.17      0.99     -0.004    -0.0014    0.0038    1       
   0.99      0.17      0.00074  -0.17      0.99     -0.004    -0.0014    0.0038    1       
   0.82      0.57     -0.043    -0.33      0.55      0.77      0.46     -0.62      0.64    
   0.82      0.57     -0.043    -0.33      0.55      0.77      0.46     -0.62      0.64    
   0.91      0.42     -0.0094   -0.39      0.83      0.4       0.18     -0.36      0.92    
   0.91      0.42     -0.0094   -0.39      0.83      0.4       0.18     -0.36      0.92    
   0.43     -0.9       0.089     0.83      0.43      0.35     -0.35     -0.074     0.93    
   0.43     -0.9       0.089     0.83      0.43      0.35     -0.35     -0.074     0.93    
   0.23     -0.97     -0.0019    0.91      0.22      0.37     -0.36     -0.087     0.93    
   0.23     -0.97     -0.0019    0.91      0.22      0.37     -0.36     -0.087     0.93    
   0.38     -0.59      0.72      0.84      0.55      0.0045   -0.39      0.6       0.7     
   0.38     -0.59      0.72      0.84      0.55      0.0045   -0.39      0.6       0.7     
   0.23     -0.43      0.87      0.042    -0.89     -0.46      0.97      0.14     -0.19    
   0.89      0.43      0.16     -0.45      0.89      0.077    -0.11     -0.14      0.98    
   0.89      0.43      0.16     -0.45      0.89      0.077    -0.11     -0.14      0.98    
   0.89      0.43      0.16     -0.45      0.89      0.077    -0.11     -0.14      0.98    
   0.89      0.43      0.16     -0.45      0.89      0.077    -0.11     -0.14      0.98    
   0.89      0.43      0.16     -0.45      0.89      0.077    -0.11     -0.14      0.98    
  -0.35     -0.65      0.67      0.34     -0.76     -0.56      0.87      0.032     0.49    
   0.72      0.68      0.13     -0.61      0.54      0.59      0.33     -0.5       0.8     
   0.71      0.67     -0.18     -0.31      0.54      0.78      0.63     -0.5       0.59    
   0.71      0.67     -0.18     -0.31      0.54      0.78      0.63     -0.5       0.59    
  -0.19     -0.73      0.66      0.79     -0.51     -0.34      0.59      0.46      0.67    
  -0.19     -0.73      0.66      0.79     -0.51     -0.34      0.59      0.46      0.67    
   0.72      0.68     -0.16     -0.34      0.54      0.77      0.61     -0.5       0.61    
   0.72      0.68     -0.16     -0.34      0.54      0.77      0.61     -0.5       0.61    
  -0.19     -0.71     -0.68      0.79      0.3      -0.54      0.59     -0.64      0.5     
  -0.19     -0.71     -0.68      0.79      0.3      -0.54      0.59     -0.64      0.5     
   0.78     -0.63      0.021     0.59      0.72     -0.37      0.22      0.3       0.93    
  -0.43      0.6       0.67     -0.039     0.73     -0.68     -0.9      -0.32     -0.29    
   0.51     -0.67      0.54      0.71      0.68      0.18     -0.49      0.3       0.82    
   0.67      0.46      0.58     -0.68      0.69      0.24     -0.29     -0.55      0.78    
   0.35     -0.82      0.45      0.69      0.55      0.47     -0.64      0.15      0.76    
   0.35     -0.82      0.45      0.69      0.55      0.47     -0.64      0.15      0.76    
   0.55      0.82     -0.15      0.38     -0.4      -0.83     -0.74      0.41     -0.53    
   0.55      0.82     -0.15      0.38     -0.4      -0.83     -0.74      0.41     -0.53    
   0.86     -0.1      -0.49     -0.28      0.72     -0.64      0.42      0.69      0.59    
   0.86     -0.1      -0.49     -0.28      0.72     -0.64      0.42      0.69      0.59    
   0.098    -0.75      0.66     -0.29     -0.65     -0.7       0.95     -0.13     -0.28    
   0.098    -0.75      0.66     -0.29     -0.65     -0.7       0.95     -0.13     -0.28    
   0.68     -0.48      0.55      0.39      0.87      0.29     -0.62      0.025     0.78    
   0.68     -0.48      0.55      0.39      0.87      0.29     -0.62      0.025     0.78    
   0.82      0.54      0.17      0.06      0.22     -0.97     -0.57      0.81      0.14    
   0.53     -0.74      0.41     -0.23      0.33      0.91     -0.82     -0.58      0.0033  
  -0.025     0.7       0.71     -0.9       0.3      -0.33     -0.44     -0.64      0.62    
   0.69     -0.71      0.16      0.13      0.33      0.94     -0.72     -0.62      0.32    
   0.71      0.7       0.1      -0.33      0.2       0.92      0.62     -0.69      0.37    
   0.59     -0.79     -0.17      0.36      0.078     0.93     -0.72     -0.61      0.33    
   0.59     -0.79     -0.17      0.36      0.078     0.93     -0.72     -0.61      0.33    
   0.29      0.83      0.48      0.53      0.27     -0.8      -0.79      0.49     -0.36    
   0.29      0.83      0.48      0.53      0.27     -0.8      -0.79      0.49     -0.36    
   0.72     -0.45     -0.53      0.32      0.89     -0.32      0.61      0.065     0.79    
   0.72     -0.45     -0.53      0.32      0.89     -0.32      0.61      0.065     0.79    
   0.98      0.21     -0.021     0.051    -0.33     -0.94     -0.21      0.92     -0.33    
   0.98      0.21     -0.021     0.051    -0.33     -0.94     -0.21      0.92     -0.33    
   0.54      0.044     0.84      0.14      0.98     -0.14     -0.83      0.19      0.52    
   0.54      0.044     0.84      0.14      0.98     -0.14     -0.83      0.19      0.52    
   0.49      0.87      0.09      0.49     -0.19     -0.85     -0.72      0.46     -0.51    

SITE_XPOS
  -0.021     0.089     0.72    
  -0.044     0.2       0.85    

SITE_XMAT
   0.91      0.34     -0.23     -0.29      0.93      0.24      0.3      -0.15      0.94    
   0.72      0.68      0.13     -0.61      0.54      0.59      0.33     -0.5       0.8     

LIGHT_XPOS
   0         0         1.5     

LIGHT_XDIR
   0         0        -1       

SUBTREE_COM
  -0.0092    0.095     0.63    
  -0.0092    0.095     0.63    
   0.12      0.082     0.36    
   0.14      0.064     0.31    
   0.14      0.041     0.24    
   0.11      0.031     0.16    
   0.062    -0.00054   0.028   
   0.066    -0.002     0.023   
   0.017    -0.17      0.39    
   0.027    -0.2       0.34    
   0.029    -0.24      0.26    
   0.026    -0.28      0.19    
   0.034    -0.34      0.044   
   0.036    -0.35      0.039   
  -0.077     0.22      0.84    
  -0.078     0.22      0.85    
  -0.078     0.22      0.85    
  -0.042     0.31      0.7     
  -0.056     0.29      0.66    
  -0.067     0.27      0.63    
  -0.06      0.24      0.59    
  -0.045     0.2       0.57    
  -0.042     0.19      0.57    
  -0.013     0.14      0.57    
  -0.16      0.053     0.93    
  -0.16      0.0094    0.92    
  -0.15     -0.036     0.91    
  -0.14     -0.082     0.9     
  -0.13     -0.13      0.89    
  -0.13     -0.14      0.89    
  -0.13     -0.19      0.87    

CDOF
   0         0         0         1         0         0       
   0         0         0         0         1         0       
   0         0         0         0         0         1       
   0.91     -0.29      0.3       0.023     0.081     0.0085  
   0.34      0.93     -0.15     -0.079     0.028    -0.0091  
  -0.23      0.24      0.94     -0.026    -0.0086   -0.0041  
   0.34      0.93     -0.15      0.015    -0.0021    0.021   
   0.75     -0.18      0.63      0.034    -0.082    -0.063   
  -0.56      0.33      0.76      0.062    -0.042     0.064   
   0.16      0.94     -0.28      0.31      0.0025    0.19    
   0.16      0.94     -0.28      0.57     -0.08      0.061   
   0.99     -0.17     -0.0014   -0.1      -0.58      0.083   
   0.34      0.93     -0.15      0.015    -0.0021    0.021   
   0.84     -0.23      0.49     -0.076    -0.009     0.13    
  -0.32      0.52      0.8      -0.12      0.0025   -0.048   
   0.38      0.84     -0.39      0.36     -0.097     0.13    
   0.38      0.84     -0.39      0.63     -0.2       0.18    
   0.89     -0.45     -0.11     -0.21     -0.5       0.37    
  -0.23      0.24      0.94     -0.026    -0.0086   -0.0041  
   0.72     -0.61      0.33      0.073     0.092     0.01    
   0.68      0.54     -0.5      -0.079     0.08     -0.022   
   0.6       0.73     -0.32     -0.25      0.14     -0.15    
   0.67     -0.68     -0.29      0.052     0.14     -0.21    
   0.58      0.24      0.78      0.18      0.094    -0.16    
   0.49      0.66     -0.57     -0.16     -0.016    -0.16    
   0.12     -0.7      -0.71     -0.14     -0.051     0.027   
   0.49      0.66     -0.57     -0.044    -0.062    -0.11    
   0.57      0.25      0.78      0.1      -0.013    -0.07    
   0.7       0.3      -0.64     -0.19      0.14     -0.14    
   0.71     -0.33      0.62      0.19      0.34     -0.037   
   0.1       0.92      0.37     -0.28      0.095    -0.16    
   0.5       0.27     -0.82     -0.037     0.0065   -0.02    
   0.43     -0.9      -0.039     0.26      0.11      0.18    
   0.54      0.29     -0.79      0.061     0.058     0.063   
   0.84     -0.18      0.51     -0.067     0.28      0.21    

CINERT
   0         0         0         0         0         0         0         0         0         0       
   0.013     0.01      0.01      0.00026   0.00034   0.00082   0.022    -0.09      0.053     3.8     
   0.011     0.01      0.013    -0.0058    0.0045    0.0044    0.086     0.089    -0.066     1.4     
   0.02      0.047     0.032    -0.0071    0.021     0.0051    0.21      0.052    -0.16      1.5     
   0.14      0.2       0.067     0.012     0.09     -0.02      0.32     -0.063    -0.47      1.7     
   0.36      0.39      0.047     0.013     0.11     -0.046     0.27     -0.1      -0.82      1.9     
   0.024     0.024     0.00066   0.00027   0.0018   -0.0035    0.0032   -0.0062   -0.042     0.074   
   0.23      0.23      0.011     0.0047    0.028    -0.036     0.046    -0.059    -0.37      0.61    
   0.029     0.0022    0.029    -0.0034   -0.00036  -0.0036   -0.023    -0.19     -0.024     1.4     
   0.071     0.013     0.062     0.0099    0.0039   -0.024     0.051    -0.3      -0.12      1.5     
   0.25      0.13      0.13      0.02      0.018    -0.12      0.072    -0.47     -0.44      1.7     
   0.55      0.31      0.24      0.022     0.024    -0.27      0.062    -0.68     -0.76      1.9     
   0.035     0.022     0.013     0.00079   0.001    -0.017     0.0019   -0.031    -0.04      0.074   
   0.33      0.22      0.12      0.013     0.016    -0.16      0.027    -0.27     -0.36      0.61    
   0.0028    0.0028    0.00019  -6.5e-06   0.00032   0.00011  -0.0032   -0.00085   0.026     0.24    
   0.00075   0.00077   3.3e-05   1.1e-05   0.00013  -6.6e-05  -0.001     0.00052   0.0059    0.047   
   0.91      0.64      0.35      0.085     0.13     -0.4      -0.5       1.5       2.3       9.6     
   0.087     0.03      0.058    -0.0045   -0.0032   -0.041     0.016     0.2       0.15      0.72    
   0.063     0.014     0.049     0.0019    0.00092  -0.026    -0.0071    0.18      0.094     0.64    
   0.045     0.0071    0.046     0.012     0.0028   -0.01     -0.052     0.17      0.043     0.73    
   0.023     0.0032    0.026     0.0081   -0.0002    0.00043  -0.042     0.12     -0.0026    0.6     
   0.0023    0.00054   0.0025    0.00086  -0.00021   0.00054  -0.0055    0.013    -0.0034    0.085   
   0.0096    0.0032    0.009     0.003    -0.0014    0.0036   -0.024     0.06     -0.029     0.48    
   0.0021    0.0013    0.0011    0.00019  -0.00011   0.00074  -0.00089   0.011    -0.016     0.25    
   0.097     0.1       0.03      0.014     0.038    -0.031    -0.11      0.092     0.25      0.72    
   0.071     0.087     0.022     0.0071    0.035    -0.014    -0.11      0.042     0.21      0.64    
   0.062     0.081     0.023    -0.0049    0.035     0.0082   -0.12     -0.029     0.21      0.73    
   0.056     0.061     0.021    -0.01      0.025     0.019    -0.089    -0.068     0.17      0.6     
   0.0088    0.008     0.0036   -0.0017    0.003     0.0038   -0.011    -0.014     0.024     0.085   
   0.054     0.041     0.026    -0.011     0.015     0.026    -0.056    -0.097     0.13      0.48    
   0.037     0.018     0.025    -0.0086    0.0071    0.018    -0.03     -0.074     0.061     0.25    

ACTUATOR_LENGTH
  -0.22    
   0.0053  
   0.23    
   0.93    
  -0.45    
   0.29    
  -0.037   
  -0.25    
   0.07    
   0.17    
   0.3     
   0.26    
  -0.37    
  -0.53    
  -0.43    
   1.1     
   0.0063  
  -0.051   
   0.7     
  -0.0069  
  -0.72    
  -0.44    
   0.028   
  -0.39    
   0.25    
   0.94    
   0.052   
   0.52    
  -0.056   

actuator_moment
-------------------------------------
       x                             |
        x                            |
         x                           |
          x                          |
           x                         |
            x                        |
             x                       |
              x                      |
               x                     |
                x                    |
                 x                   |
                  x                  |
                   x                 |
                    x                |
                     x               |
                      x              |
                       x             |
                        x            |
                         x           |
                          x          |
                           x         |
                            x        |
                             x       |
                              x      |
                               x     |
                                x    |
                                 x   |
                                  x  |
                                   x |
-------------------------------------

ACTUATOR_MOMENT
     6:  1       
     7:  1       
     8:  1       
     9:  1       
    10:  1       
    11:  1       
    12:  1       
    13:  1       
    14:  1       
    15:  1       
    16:  1       
    17:  1       
    18:  1       
    19:  1       
    20:  1       
    21:  1       
    22:  1       
    23:  1       
    24:  1       
    25:  1       
    26:  1       
    27:  1       
    28:  1       
    29:  1       
    30:  1       
    31:  1       
    32:  1       
    33:  1       
    34:  1       

CRB
   0         0         0         0         0         0         0         0         0         0       
   3.6       2.7       1.5       0.17      0.61     -1.1      -2.2e-16   4.6e-16   4.4e-15   35      
   0.79      0.9       0.17      0.017     0.26     -0.095     0.93     -0.09     -1.9       7.2     
   0.77      0.89      0.16      0.023     0.25     -0.1       0.85     -0.18     -1.9       5.8     
   0.75      0.84      0.13      0.03      0.23     -0.1       0.64     -0.23     -1.7       4.3     
   0.61      0.65      0.059     0.018     0.14     -0.085     0.32     -0.17     -1.2       2.6     
   0.25      0.25      0.011     0.0049    0.03     -0.039     0.049    -0.065    -0.41      0.68    
   0.23      0.23      0.011     0.0047    0.028    -0.036     0.046    -0.059    -0.37      0.61    
   1.3       0.69      0.6       0.061     0.063    -0.6       0.19     -1.9      -1.7       7.2     
   1.2       0.68      0.57      0.065     0.064    -0.59      0.21     -1.7      -1.7       5.8     
   1.2       0.67      0.51      0.055     0.06     -0.57      0.16     -1.4      -1.6       4.3     
   0.91      0.55      0.38      0.035     0.042    -0.45      0.091    -0.98     -1.2       2.6     
   0.37      0.24      0.13      0.013     0.018    -0.18      0.029    -0.3      -0.4       0.68    
   0.33      0.22      0.12      0.013     0.016    -0.16      0.027    -0.27     -0.36      0.61    
   1.5       1.1       0.69      0.092     0.29     -0.44     -1.1       2.1       3.6       17      
   1.5       1.1       0.69      0.092     0.29     -0.44     -1.1       2.1       3.6       17      
   1.5       1.1       0.69      0.092     0.29     -0.44     -1.1       2.1       3.6       17      
   0.23      0.06      0.19      0.022    -0.0014   -0.072    -0.12      0.75      0.23      3.5     
   0.14      0.03      0.13      0.026     0.0018   -0.031    -0.13      0.55      0.085     2.8     
   0.082     0.015     0.084     0.024     0.0009   -0.005    -0.12      0.38     -0.0092    2.2     
   0.037     0.0083    0.038     0.012    -0.0019    0.0053   -0.072     0.2      -0.052     1.4     
   0.014     0.005     0.013     0.0041   -0.0017    0.0049   -0.03      0.085    -0.049     0.82    
   0.012     0.0045    0.01      0.0032   -0.0015    0.0043   -0.024     0.071    -0.046     0.74    
   0.0021    0.0013    0.0011    0.00019  -0.00011   0.00074  -0.00089   0.011    -0.016     0.25    
   0.39      0.4       0.15     -0.015     0.16      0.029    -0.53     -0.15      1         3.5     
   0.29      0.3       0.12     -0.029     0.12      0.061    -0.42     -0.24      0.8       2.8     
   0.22      0.21      0.1      -0.036     0.086     0.075    -0.31     -0.28      0.59      2.2     
   0.16      0.13      0.077    -0.032     0.05      0.066    -0.19     -0.25      0.38      1.4     
   0.1       0.068     0.055    -0.022     0.025     0.047    -0.097    -0.18      0.21      0.82    
   0.091     0.06      0.052    -0.02      0.022     0.043    -0.086    -0.17      0.19      0.74    
   0.037     0.018     0.025    -0.0086    0.0071    0.018    -0.03     -0.074     0.061     0.25    

QM
   35      
   0         35      
   0         0         35      
   0.81      2.9       0.3       4       
  -2.8       0.97     -0.32      0.09      3.4     
  -0.9      -0.3      -0.14      0.19     -0.59      0.89    
  -1.7       0.51     -0.74     -0.026     0.99      0.15      0.81    
   0.64      1.5      -0.36      0.81     -0.036     0.013    -0.03      0.59    
  -0.11     -0.65      0.2      -0.38     -0.081     0.015    -0.066    -0.27      0.18    
  -0.4       0.12      0.16     -0.018     0.24      0.024     0.2      -0.045     0.0011    0.14    
  -0.02     -0.001    -0.015    -0.0047    0.016     0.0015    0.014    -0.003     0.00018   0.006     0.01    
   0.0017    0.0098    3.8e-05   0.0071    0.0011   -0.00088   0.00099   0.0047   -0.0034    0.00027  -0.0001    0.0076  
  -1.8       0.56     -0.69      0.013     1.1      -0.44                                                                  0.87    
   0.81      1.5      -0.68      1.1      -0.054     0.029                                                                -0.044     0.78    
  -0.17     -0.37      0.17     -0.27      0.00095   0.0065                                                                0.00086  -0.2       0.073   
  -0.43      0.15     -0.094    -0.009     0.31     -0.12                                                                  0.26     -0.018    -0.00027   0.14    
  -0.021     0.004    -0.012     8.2e-05   0.02     -0.0073                                                                0.017    -0.0012    6.4e-05   0.0097    0.01    
   0.0043    0.0089   -0.0014    0.0078   -0.00075   4.2e-05                                                              -0.00065   0.0063   -0.0018   -0.00032  -9.2e-05   0.0076  
  -1.6      -0.39     -0.29      0.14     -0.23      0.5                                                                                                                               0.51    
  -1.7      -1.4       1         0.88     -0.14      0.17                                                                                                                              0.17      0.8     
   1.7      -0.53      1.7       0.3       0.62     -0.34                                                                                                                             -0.34      0.079     0.67    
  -0.46      0.38      0.01      0.045     0.048     0.06                                                                                                                              0.06      0.024     0.049     0.16    
   0.25      0.38     -0.29     -0.023    -0.028    -0.062                                                                                                                            -0.062     0.0046    0.0083    0.014     0.13    
   0.09      0.11     -0.1       0.0033   -0.01     -0.016                                                                                                                            -0.016     0.012     0.0027    0.0033    0.047     0.031   
  -0.15      0.043    -0.084    -0.0034    0.015     0.021                                                                                                                             0.021    -0.011     0.0087    0.052     0.0033   -0.00049   0.034   
  -0.02     -0.015     0.011    -0.0019    0.0019    0.0016                                                                                                                            0.0016   -0.0033    0.00022   0.0016   -0.0066   -0.006     0.0018    0.006   
  -0.023    -0.0097   -0.031    -0.0035    0.0022    0.0026                                                                                                                            0.0026   -0.0048    0.00051   0.0083    0.0011   -1.2e-05   0.0081    0.00078   0.0086  
   0.013     0.0055   -0.011     0.00098  -0.0014   -0.0007                                                                                                                           -0.0007    0.0019   -0.00054  -0.0012    0.0044    0.0045   -0.0007   -0.0017    1.7e-05   0.0061  
  -0.46      0.11     -0.45      0.056    -0.11     -0.12                                                                                                                             -0.12      0.084     0.018                                                                           0.19    
   0.42      0.13     -0.41      0.036     0.029     0.039                                                                                                                             0.039     0.036     0.011                                                                           0.0025    0.17    
   0.058     0.03     -0.092     0.012     0.0035    0.0046                                                                                                                            0.0046    0.013     0.0049                                                                          0.0095    0.035     0.013   
  -0.15     -0.03     -0.1       0.028    -0.022    -0.043                                                                                                                            -0.043     0.029     0.02                                                                            0.066    -0.016    -0.0003    0.037   
   0.011     0.0058   -0.017     0.0042    0.00064   0.0012                                                                                                                            0.0012    0.0041    0.0013                                                                          0.0022    0.0083    0.0018   -6.9e-05   0.0051  
  -0.034     0.0074   -0.021     0.0034   -0.0037   -0.013                                                                                                                            -0.013     0.0039    0.0064                                                                          0.017    -0.0035    0.00012   0.0099    9.7e-05   0.009   
   0.0097    0.0042   -0.015     0.0044    0.00088   0.0015                                                                                                                            0.0015    0.0041    0.0014                                                                          0.0019    0.0079    0.0019   -0.00019   0.0013   -1.9e-06   0.0061  

M
     0:  35      
     0:  0          1:  35      
     0:  0          1:  0          2:  35      
     0:  0.81       1:  2.9        2:  0.3        3:  4       
     0: -2.8        1:  0.97       2: -0.32       3:  0.09       4:  3.4     
     0: -0.9        1: -0.3        2: -0.14       3:  0.19       4: -0.59       5:  0.89    
     0: -1.7        1:  0.51       2: -0.74       3: -0.026      4:  0.99       5:  0.15       6:  0.81    
     0:  0.64       1:  1.5        2: -0.36       3:  0.81       4: -0.036      5:  0.013      6: -0.03       7:  0.59    
     0: -0.11       1: -0.65       2:  0.2        3: -0.38       4: -0.081      5:  0.015      6: -0.066      7: -0.27       8:  0.18    
     0: -0.4        1:  0.12       2:  0.16       3: -0.018      4:  0.24       5:  0.024      6:  0.2        7: -0.045      8:  0.0011     9:  0.14    
     0: -0.02       1: -0.001      2: -0.015      3: -0.0047     4:  0.016      5:  0.0015     6:  0.014      7: -0.003      8:  0.00018    9:  0.006     10:  0.01    
     0:  0.0017     1:  0.0098     2:  3.8e-05    3:  0.0071     4:  0.0011     5: -0.00088    6:  0.00099    7:  0.0047     8: -0.0034     9:  0.00027   10: -0.0001    11:  0.0076  
     0: -1.8        1:  0.56       2: -0.69       3:  0.013      4:  1.1        5: -0.44      12:  0.87    
     0:  0.81       1:  1.5        2: -0.68       3:  1.1        4: -0.054      5:  0.029     12: -0.044     13:  0.78    
     0: -0.17       1: -0.37       2:  0.17       3: -0.27       4:  0.00095    5:  0.0065    12:  0.00086   13: -0.2       14:  0.073   
     0: -0.43       1:  0.15       2: -0.094      3: -0.009      4:  0.31       5: -0.12      12:  0.26      13: -0.018     14: -0.00027   15:  0.14    
     0: -0.021      1:  0.004      2: -0.012      3:  8.2e-05    4:  0.02       5: -0.0073    12:  0.017     13: -0.0012    14:  6.4e-05   15:  0.0097    16:  0.01    
     0:  0.0043     1:  0.0089     2: -0.0014     3:  0.0078     4: -0.00075    5:  4.2e-05   12: -0.00065   13:  0.0063    14: -0.0018    15: -0.00032   16: -9.2e-05   17:  0.0076  
     0: -1.6        1: -0.39       2: -0.29       3:  0.14       4: -0.23       5:  0.5       18:  0.51    
     0: -1.7        1: -1.4        2:  1          3:  0.88       4: -0.14       5:  0.17      18:  0.17      19:  0.8     
     0:  1.7        1: -0.53       2:  1.7        3:  0.3        4:  0.62       5: -0.34      18: -0.34      19:  0.079     20:  0.67    
     0: -0.46       1:  0.38       2:  0.01       3:  0.045      4:  0.048      5:  0.06      18:  0.06      19:  0.024     20:  0.049     21:  0.16    
     0:  0.25       1:  0.38       2: -0.29       3: -0.023      4: -0.028      5: -0.062     18: -0.062     19:  0.0046    20:  0.0083    21:  0.014     22:  0.13    
     0:  0.09       1:  0.11       2: -0.1        3:  0.0033     4: -0.01       5: -0.016     18: -0.016     19:  0.012     20:  0.0027    21:  0.0033    22:  0.047     23:  0.031   
     0: -0.15       1:  0.043      2: -0.084      3: -0.0034     4:  0.015      5:  0.021     18:  0.021     19: -0.011     20:  0.0087    21:  0.052     22:  0.0033    23: -0.00049   24:  0.034   
     0: -0.02       1: -0.015      2:  0.011      3: -0.0019     4:  0.0019     5:  0.0016    18:  0.0016    19: -0.0033    20:  0.00022   21:  0.0016    22: -0.0066    23: -0.006     24:  0.0018    25:  0.006   
     0: -0.023      1: -0.0097     2: -0.031      3: -0.0035     4:  0.0022     5:  0.0026    18:  0.0026    19: -0.0048    20:  0.00051   21:  0.0083    22:  0.0011    23: -1.2e-05   24:  0.0081    25:  0.00078   26:  0.0086  
     0:  0.013      1:  0.0055     2: -0.011      3:  0.00098    4: -0.0014     5: -0.0007    18: -0.0007    19:  0.0019    20: -0.00054   21: -0.0012    22:  0.0044    23:  0.0045    24: -0.0007    25: -0.0017    26:  1.7e-05   27:  0.0061  
     0: -0.46       1:  0.11       2: -0.45       3:  0.056      4: -0.11       5: -0.12      18: -0.12      19:  0.084     20:  0.018     28:  0.19    
     0:  0.42       1:  0.13       2: -0.41       3:  0.036      4:  0.029      5:  0.039     18:  0.039     19:  0.036     20:  0.011     28:  0.0025    29:  0.17    
     0:  0.058      1:  0.03       2: -0.092      3:  0.012      4:  0.0035     5:  0.0046    18:  0.0046    19:  0.013     20:  0.0049    28:  0.0095    29:  0.035     30:  0.013   
     0: -0.15       1: -0.03       2: -0.1        3:  0.028      4: -0.022      5: -0.043     18: -0.043     19:  0.029     20:  0.02      28:  0.066     29: -0.016     30: -0.0003    31:  0.037   
     0:  0.011      1:  0.0058     2: -0.017      3:  0.0042     4:  0.00064    5:  0.0012    18:  0.0012    19:  0.0041    20:  0.0013    28:  0.0022    29:  0.0083    30:  0.0018    31: -6.9e-05   32:  0.0051  
     0: -0.034      1:  0.0074     2: -0.021      3:  0.0034     4: -0.0037     5: -0.013     18: -0.013     19:  0.0039    20:  0.0064    28:  0.017     29: -0.0035    30:  0.00012   31:  0.0099    32:  9.7e-05   33:  0.009   
     0:  0.0097     1:  0.0042     2: -0.015      3:  0.0044     4:  0.00088    5:  0.0015    18:  0.0015    19:  0.0041    20:  0.0014    28:  0.0019    29:  0.0079    30:  0.0019    31: -0.00019   32:  0.0013    33: -1.9e-06   34:  0.0061  

QLD
     0:  9.4     
     0: -0.043      1:  16      
     0: -0.21       1:  0.39       2:  22      
     0:  0.98       1:  1.7        2: -0.6        3:  0.35    
     0: -4.2        1:  0.62       2: -1.1        3:  0.087      4:  0.15    
     0:  0.12       1:  1.5        2:  0.11       3:  0.45       4:  0.032      5:  0.11    
     0: -2.2        1:  0.58       2: -2          3: -0.14       4:  1.3        5:  0.3        6:  0.45    
     0:  1.9        1:  2.9        2: -0.084      3:  1.3        4: -0.42       5:  0.23       6: -0.34       7:  0.18    
     0: -0.6        1: -3.6        2:  1.1        3: -2.1        4: -0.47       5:  0.079      6: -0.38       7: -1.5        8:  0.18    
     0: -3          1:  0.89       2:  1.3        3: -0.12       4:  1.8        5:  0.18       6:  1.5        7: -0.33       8:  0.0086     9:  0.13    
     0: -2          1: -0.089      2: -1.5        3: -0.46       4:  1.6        5:  0.15       6:  1.4        7: -0.3        8:  0.013      9:  0.6       10:  0.01    
     0:  0.22       1:  1.3        2:  0.005      3:  0.93       4:  0.15       5: -0.12       6:  0.13       7:  0.62       8: -0.45       9:  0.035     10: -0.013     11:  0.0076  
     0: -2.6        1:  0.77       2: -1.3        3:  0.11       4:  1.3        5: -0.57      12:  0.39    
     0:  1.2        1:  2.2        2: -0.95       3:  1.3        4: -0.041      5:  0.13      12: -0.025     13:  0.24    
     0: -2.4        1: -5.1        2:  2.3        3: -3.8        4:  0.021      5:  0.086     12:  0.019     13: -2.7       14:  0.072   
     0: -3          1:  1.1        2: -0.61       3: -0.066      4:  2.2        5: -0.86      12:  1.8       13: -0.13      14: -0.0029    15:  0.13    
     0: -2.1        1:  0.41       2: -1.2        3:  0.018      4:  2          5: -0.73      12:  1.7       13: -0.12      14:  0.0042    15:  0.97      16:  0.01    
     0:  0.57       1:  1.2        2: -0.19       3:  1          4: -0.099      5:  0.0055    12: -0.086     13:  0.83      14: -0.24      15: -0.043     16: -0.012     17:  0.0076  
     0: -1.3        1: -1.7        2:  0.021      3:  0.26       4:  0.41       5:  0.9       18:  0.1     
     0: -2.3        1: -2.2        2:  1.5        3:  1.1        4: -0.22       5:  0.31      18:  0.31      19:  0.72    
     0:  2.8        1: -1          2:  2.7        3:  0.41       4:  0.94       5: -0.56      18: -0.56      19:  0.077     20:  0.63    
     0: -3          1:  3.6        2:  2          3:  0.65       4:  0.34       5:  0.4       18:  0.4       19:  0.5       20:  0.44      21:  0.077   
     0:  2.3        1:  3.5        2: -2.3        3: -0.49       4: -0.25       5: -0.68      18: -0.68      19: -0.22      20:  0.049     21:  0.057     22:  0.055   
     0:  3.1        1:  4.1        2: -3.5        3:  0.062      4: -0.36       5: -0.66      18: -0.66      19:  0.37      20:  0.12      21:  0.14      22:  1.7       23:  0.023   
     0: -5          1:  2.1        2: -2.2        3:  0.0092     4:  0.47       5:  0.69      18:  0.69      19: -0.22      20:  0.31      21:  1.7       22:  0.14      23:  0.032     24:  0.026   
     0: -2.5        1: -2.3        2:  2          3: -0.23       4:  0.24       5:  0.21      18:  0.21      19: -0.42      20:  0.0032    21:  0.091     22: -0.98      23: -0.86      24:  0.17      25:  0.0055  
     0: -2.6        1: -1.1        2: -3.6        3: -0.41       4:  0.26       5:  0.31      18:  0.31      19: -0.57      20:  0.06      21:  0.97      22:  0.13      23: -0.0029    24:  0.95      25:  0.091     26:  0.0086  
     0:  2.1        1:  0.9        2: -1.8        3:  0.16       4: -0.22       5: -0.11      18: -0.11      19:  0.31      20: -0.089     21: -0.19      22:  0.73      23:  0.73      24: -0.12      25: -0.28      26:  0.0028    27:  0.0061  
     0: -3.5        1:  2.1        2: -2.7        3: -0.057      4: -1          5: -0.63      18: -0.63      19:  0.3       20: -0.31      28:  0.069   
     0:  2.9        1:  0.51       2: -3          3:  0.18       4:  0.16       5:  0.13      18:  0.13      19:  0.19      20:  0.081     28:  0.048     29:  0.07    
     0:  4.1        1:  2.2        2: -6.8        3:  0.83       4:  0.23       5:  0.3       18:  0.3       19:  0.85      20:  0.34      28:  0.71      29:  2.4       30:  0.012   
     0: -4.5        1: -1.5        2: -3.2        3:  0.92       4: -0.68       5: -1.1       18: -1.1       19:  0.97      20:  0.49      28:  1.8       29: -0.43      30: -0.013     31:  0.026   
     0:  1.9        1:  1          2: -2.8        3:  0.68       4:  0.1        5:  0.21      18:  0.21      19:  0.67      20:  0.21      28:  0.34      29:  1.4       30:  0.29      31: -0.028     32:  0.0048  
     0: -3.8        1:  0.81       2: -2.3        3:  0.38       4: -0.41       5: -1.4       18: -1.4       19:  0.44      20:  0.71      28:  1.9       29: -0.38      30:  0.014     31:  1.1       32:  0.011     33:  0.009   
     0:  1.6        1:  0.69       2: -2.4        3:  0.72       4:  0.14       5:  0.25      18:  0.25      19:  0.68      20:  0.22      28:  0.31      29:  1.3       30:  0.32      31: -0.031     32:  0.21      33: -0.00031   34:  0.0061  

QLDIAGINV
   0.11    
   0.062   
   0.046   
   2.9     
   6.8     
   9.2     
   2.2     
   5.5     
   5.6     
   7.6     
   1e+02   
   1.3e+02 
   2.6     
   4.2     
   14      
   7.5     
   1e+02   
   1.3e+02 
   10      
   1.4     
   1.6     
   13      
   18      
   43      
   39      
   1.8e+02 
   1.2e+02 
   1.6e+02 
   15      
   14      
   81      
   38      
   2.1e+02 
   1.1e+02 
   1.6e+02 

M: inertia structure
-------------------------------------
 x                                   |
 xx                                  |
 xxx                                 |
 xxxx                                |
 xxxxx                               |
 xxxxxx                              |
 xxxxxxx                             |
 xxxxxxxx                            |
 xxxxxxxxx                           |
 xxxxxxxxxx                          |
 xxxxxxxxxxx                         |
 xxxxxxxxxxxx                        |
 xxxxxx      x                       |
 xxxxxx      xx                      |
 xxxxxx      xxx                     |
 xxxxxx      xxxx                    |
 xxxxxx      xxxxx                   |
 xxxxxx      xxxxxx                  |
 xxxxxx            x                 |
 xxxxxx            xx                |
 xxxxxx            xxx               |
 xxxxxx            xxxx              |
 xxxxxx            xxxxx             |
 xxxxxx            xxxxxx            |
 xxxxxx            xxxxxxx           |
 xxxxxx            xxxxxxxx          |
 xxxxxx            xxxxxxxxx         |
 xxxxxx            xxxxxxxxxx        |
 xxxxxx            xxx       x       |
 xxxxxx            xxx       xx      |
 xxxxxx            xxx       xxx     |
 xxxxxx            xxx       xxxx    |
 xxxxxx            xxx       xxxxx   |
 xxxxxx            xxx       xxxxxx  |
 xxxxxx            xxx       xxxxxxx |
-------------------------------------

iM: block-diagonal inertia (nnzs are island ids)
-------------------------------------
 0                                   |
 00                                  |
 000                                 |
 0000                                |
 00000                               |
 000000                              |
 0000000                             |
 00000000                            |
 000000000                           |
 0000000000                          |
 00000000000                         |
 000000000000                        |
 000000      0                       |
 000000      00                      |
 000000      000                     |
 000000      0000                    |
 000000      00000                   |
 000000      000000                  |
 000000            0                 |
 000000            00                |
 000000            000               |
 000000            0000              |
 000000            00000             |
 000000            000000            |
 000000            0000000           |
 000000            00000000          |
 000000            000000000         |
 000000            0000000000        |
 000000            000       0       |
 000000            000       00      |
 000000            000       000     |
 000000            000       0000    |
 000000            000       00000   |
 000000            000       000000  |
 000000            000       0000000 |
-------------------------------------

TREE_AWAKE
  1

BODY_AWAKE
  -1 1 1 1 1 1 1 1 1 1 1 1 1 1 1 1 1 1 1 1 1 1 1 1 1 1 1 1 1 1 1

BODY_AWAKE_IND
  0 1 2 3 4 5 6 7 8 9 10 11 12 13 14 15 16 17 18 19 20 21 22 23 24 25 26 27 28 29 30

PARENT_AWAKE_IND
  1 2 3 4 5 6 7 8 9 10 11 12 13 14 15 16 17 18 19 20 21 22 23 24 25 26 27 28 29 30

DOF_AWAKE_IND
  0 1 2 3 4 5 6 7 8 9 10 11 12 13 14 15 16 17 18 19 20 21 22 23 24 25 26 27 28 29 30 31 32 33 34

CONTACT
  0:
     dim           3
     geoms         floor : left_foot_sole
     exclude       0
     efc_address   3
     solref         0.02      1       
     solimp         0.9       0.95      0.001     0.5       2       
     dist          -0.00011 
     includemargin  0       
     pos           -0.015    -0.018    -5.4e-05 
     frame          0         0         1         0         1         0        -1         0         0       
     friction       1         1         0.005     0.0001    0.0001  
     mu             1       
     force          1.8e+02   1.5e+02   29        0         0         0       
  1:
     dim           3
     geoms         floor : left_foot_sole
     exclude       0
     efc_address   7
     solref         0.02      1       
     solimp         0.9       0.95      0.001     0.5       2       
     dist          -0.00035 
     includemargin  0       
     pos            0.15     -0.047    -0.00017 
     frame          0         0         1         0         1         0        -1         0         0       
     friction       1         1         0.005     0.0001    0.0001  
     mu             1       
     force          27        0         27        0         0         0       
  2:
     dim           3
     geoms         floor : left_foot_sole
     exclude       0
     efc_address   11
     solref         0.02      1       
     solimp         0.9       0.95      0.001     0.5       2       
     dist          -0.00012 
     includemargin  0       
     pos            0.16      0.012    -6e-05   
     frame          0         0         1         0         1         0        -1         0         0       
     friction       1         1         0.005     0.0001    0.0001  
     mu             1       
     force          1.8e+02  -26        35        0         0         0       

EFC_TYPE
  3
  3
  3
  6
  6
  6
  6
  6
  6
  6
  6
  6
  6
  6
  6

EFC_ID
  6
  12
  14
  0
  0
  0
  0
  1
  1
  1
  1
  2
  2
  2
  2

EFC_J
   0         0         0         0         0         0         0         0         0         0         0        -1         0         0         0         0         0         0         0         0         0         0         0         0         0         0         0         0         0         0         0         0         0         0         0       
   0         0         0         0         0         0         0         0         0         0         0         0         0         0         0         0         0        -1         0         0         0         0         0         0         0         0         0         0         0         0         0         0         0         0         0       
   0         0         0         0         0         0         0         0         0         0         0         0         0         0         0         0         0         0         0         1         0         0         0         0         0         0         0         0         0         0         0         0         0         0         0       
   0         1         1         0.56      0.2      -0.14      0.2       0.24     -0.27      0.28      0.073     0.0096    0         0         0         0         0         0         0         0         0         0         0         0         0         0         0         0         0         0         0         0         0         0         0       
   0        -1         1        -0.75     -0.29      0.18     -0.23     -0.54      0.53      0.065     0.023    -0.069     0         0         0         0         0         0         0         0         0         0         0         0         0         0         0         0         0         0         0         0         0         0         0       
  -1         0         1        -0.34      0.64      0.091     0.57     -0.37      0.19      0.49      0.11     -0.037     0         0         0         0         0         0         0         0         0         0         0         0         0         0         0         0         0         0         0         0         0         0         0       
   1         0         1         0.14     -0.72     -0.045    -0.6       0.068     0.072    -0.15     -0.013    -0.023     0         0         0         0         0         0         0         0         0         0         0         0         0         0         0         0         0         0         0         0         0         0         0       
   0         1         1         0.63      0.012    -0.011     0.013     0.35     -0.18      0.069    -0.14      0.0095    0         0         0         0         0         0         0         0         0         0         0         0         0         0         0         0         0         0         0         0         0         0         0       
   0        -1         1        -0.78     -0.43     -0.0083   -0.37     -0.64      0.37     -0.051    -0.093    -0.069     0         0         0         0         0         0         0         0         0         0         0         0         0         0         0         0         0         0         0         0         0         0         0       
  -1         0         1        -0.32      0.48      0.031     0.41     -0.38      0.13      0.34     -0.046    -0.037     0         0         0         0         0         0         0         0         0         0         0         0         0         0         0         0         0         0         0         0         0         0         0       
   1         0         1         0.17     -0.89     -0.05     -0.77      0.094     0.056    -0.32     -0.18     -0.023     0         0         0         0         0         0         0         0         0         0         0         0         0         0         0         0         0         0         0         0         0         0         0       
   0         1         1         0.69      0.021    -0.017     0.022     0.41     -0.21      0.066    -0.14      0.069     0         0         0         0         0         0         0         0         0         0         0         0         0         0         0         0         0         0         0         0         0         0         0       
   0        -1         1        -0.72     -0.42     -0.034    -0.36     -0.6       0.32     -0.048    -0.09     -0.0091    0         0         0         0         0         0         0         0         0         0         0         0         0         0         0         0         0         0         0         0         0         0         0       
  -1         0         1        -0.25      0.48      0.071     0.42     -0.29      0.13      0.32     -0.063     0.023     0         0         0         0         0         0         0         0         0         0         0         0         0         0         0         0         0         0         0         0         0         0         0       
   1         0         1         0.21     -0.87     -0.12     -0.75      0.1      -0.025    -0.3      -0.17      0.037     0         0         0         0         0         0         0         0         0         0         0         0         0         0         0         0         0         0         0         0         0         0         0       

IEFC_J
   0         0         0         0         0         0         0         0         0         0         0        -1         0         0         0         0         0         0         0         0         0         0         0         0         0         0         0         0         0         0         0         0         0         0         0       
   0         0         0         0         0         0         0         0         0         0         0         0         0         0         0         0         0        -1         0         0         0         0         0         0         0         0         0         0         0         0         0         0         0         0         0       
   0         0         0         0         0         0         0         0         0         0         0         0         0         0         0         0         0         0         0         1         0         0         0         0         0         0         0         0         0         0         0         0         0         0         0       
   0         1         1         0.56      0.2      -0.14      0.2       0.24     -0.27      0.28      0.073     0.0096    0         0         0         0         0         0         0         0         0         0         0         0         0         0         0         0         0         0         0         0         0         0         0       
   0        -1         1        -0.75     -0.29      0.18     -0.23     -0.54      0.53      0.065     0.023    -0.069     0         0         0         0         0         0         0         0         0         0         0         0         0         0         0         0         0         0         0         0         0         0         0       
  -1         0         1        -0.34      0.64      0.091     0.57     -0.37      0.19      0.49      0.11     -0.037     0         0         0         0         0         0         0         0         0         0         0         0         0         0         0         0         0         0         0         0         0         0         0       
   1         0         1         0.14     -0.72     -0.045    -0.6       0.068     0.072    -0.15     -0.013    -0.023     0         0         0         0         0         0         0         0         0         0         0         0         0         0         0         0         0         0         0         0         0         0         0       
   0         1         1         0.63      0.012    -0.011     0.013     0.35     -0.18      0.069    -0.14      0.0095    0         0         0         0         0         0         0         0         0         0         0         0         0         0         0         0         0         0         0         0         0         0         0       
   0        -1         1        -0.78     -0.43     -0.0083   -0.37     -0.64      0.37     -0.051    -0.093    -0.069     0         0         0         0         0         0         0         0         0         0         0         0         0         0         0         0         0         0         0         0         0         0         0       
  -1         0         1        -0.32      0.48      0.031     0.41     -0.38      0.13      0.34     -0.046    -0.037     0         0         0         0         0         0         0         0         0         0         0         0         0         0         0         0         0         0         0         0         0         0         0       
   1         0         1         0.17     -0.89     -0.05     -0.77      0.094     0.056    -0.32     -0.18     -0.023     0         0         0         0         0         0         0         0         0         0         0         0         0         0         0         0         0         0         0         0         0         0         0       
   0         1         1         0.69      0.021    -0.017     0.022     0.41     -0.21      0.066    -0.14      0.069     0         0         0         0         0         0         0         0         0         0         0         0         0         0         0         0         0         0         0         0         0         0         0       
   0        -1         1        -0.72     -0.42     -0.034    -0.36     -0.6       0.32     -0.048    -0.09     -0.0091    0         0         0         0         0         0         0         0         0         0         0         0         0         0         0         0         0         0         0         0         0         0         0       
  -1         0         1        -0.25      0.48      0.071     0.42     -0.29      0.13      0.32     -0.063     0.023     0         0         0         0         0         0         0         0         0         0         0         0         0         0         0         0         0         0         0         0         0         0         0       
   1         0         1         0.21     -0.87     -0.12     -0.75      0.1      -0.025    -0.3      -0.17      0.037     0         0         0         0         0         0         0         0         0         0         0         0         0         0         0         0         0         0         0         0         0         0         0       

EFC_POS
  -0.029   
  -0.0021  
  -0.0079  
  -0.00011 
  -0.00011 
  -0.00011 
  -0.00011 
  -0.00035 
  -0.00035 
  -0.00035 
  -0.00035 
  -0.00012 
  -0.00012 
  -0.00012 
  -0.00012 

EFC_MARGIN
   0       
   0       
   0       
   0       
   0       
   0       
   0       
   0       
   0       
   0       
   0       
   0       
   0       
   0       
   0       

EFC_FRICTIONLOSS
   0       
   0       
   0       
   0       
   0       
   0       
   0       
   0       
   0       
   0       
   0       
   0       
   0       
   0       
   0       

EFC_DIAGAPPROX
   1.3e+02 
   1.3e+02 
   7.4     
   2       
   2       
   2       
   2       
   2       
   2       
   2       
   2       
   2       
   2       
   2       
   2       

EFC_KBIP
   2.8e+03   1.1e+02   0.95      0       
   2.8e+03   1.1e+02   0.95      0       
   2.8e+03   1.1e+02   0.95      0       
   2.8e+03   1.1e+02   0.9      -22      
   2.8e+03   1.1e+02   0.9      -22      
   2.8e+03   1.1e+02   0.9      -22      
   2.8e+03   1.1e+02   0.9      -22      
   2.8e+03   1.1e+02   0.91     -69      
   2.8e+03   1.1e+02   0.91     -69      
   2.8e+03   1.1e+02   0.91     -69      
   2.8e+03   1.1e+02   0.91     -69      
   2.8e+03   1.1e+02   0.9      -24      
   2.8e+03   1.1e+02   0.9      -24      
   2.8e+03   1.1e+02   0.9      -24      
   2.8e+03   1.1e+02   0.9      -24      

EFC_D
   0.14    
   0.14    
   2.6     
   4.5     
   4.5     
   4.5     
   4.5     
   5.2     
   5.2     
   5.2     
   5.2     
   4.6     
   4.6     
   4.6     
   4.6     

EFC_R
   7       
   7       
   0.39    
   0.22    
   0.22    
   0.22    
   0.22    
   0.19    
   0.19    
   0.19    
   0.19    
   0.22    
   0.22    
   0.22    
   0.22    

ACTUATOR_VELOCITY
  -0.91    
   1.6     
   2.7     
   0.43    
   0.021   
   3.3     
   2.3     
  -3.6     
  -2.1     
   1.4     
   1.5     
  -0.049   
  -1.9     
   0.17    
  -4       
   2.3     
  -0.061   
  -19      
   1.1     
  -16      
   4.8     
  -8       
  -6.5     
   4.7     
   0.59    
   4.6     
   15      
  -3.1     
  -9.4     

CVEL
   0         0         0         0         0         0       
  -1         0.33      0.0012   -0.17      0.61     -0.28    
  -1.3      -0.51      0.14     -0.19      0.62     -0.3     
  -0.15     -0.79      1.1      -0.13      0.49     -0.4     
  -1.7       0.099     3.2       0.036     0.37     -0.23    
  -1.6       0.51      3.1       0.17      0.38     -0.15    
  -1.6       0.53      3.1       0.18      0.37     -0.15    
   1.6      -0.037     3.1      -0.15     -1.5       0.12    
  -0.21      2.5      -0.35     -0.14      0.61     -0.23    
  -3.3       3.4      -2.1       0.14      0.64     -0.7     
  -2.6       2.3      -3.8       0.38      0.64     -0.59    
  -2.1       3.4      -4.3       0.87      0.51     -0.41    
  -1.5       4.7      -4.9       1.8       0.2      -0.13    
  -1.5       4.7      -4.9       1.9       0.22     -0.14    
  -0.57     -0.12     -1.8      -0.12      0.63     -0.28    
  -0.45     -0.23     -1.8      -0.11      0.65     -0.27    
  -3.1      -2.4       0.24      0.2       0.33     -0.19    
  -1.8      -0.69     -0.5      -0.36      0.64     -0.53    
  -1.8      -0.64     -0.48     -0.36      0.63     -0.52    
  -13       -5        -15       -3.7      -1.1       2.5     
  -12       -4.3      -16       -3.8      -1.1       2.3     
  -14        6.9      -4.1      -1.6      -0.31      1.9     
  -12        10       -6.9      -1.8      -0.61      1.3     
  -16        8.1      -13       -2.6      -0.5       1.9     
  -7.7      -4.3       4.5       1.5      -0.62      0.75    
  -4.4      -5.8       7.4       2.4       0.98      0.58    
  -4.4      -5.3       7.6       2.2       1         0.48    
  -2.1      -4         3.8       2         1.1       0.39    
   4.2      -17        3.2       5.8       2.7       3.1     
   2.6      -18        5.7       5.6       2.6       2.9     
  -5.3      -17        0.9       6.2      -0.05      0.92    

CDOF_DOT
   0         0         0         0         0         0       
   0         0         0         0         0         0       
   0         0         0         0         0         0       
   0         0        -0         0.13     -0.21     -0.6     
  -0         0         0         0.15     -0.12     -0.37    
   0        -0         0         0.73      0.2       0.13    
  -0.051    -0.15     -1.1       0.18     -0.1      -0.37    
  -0.3       0.95      0.62      0.38     -0.19     -0.3     
  -0.97     -0.52     -0.49      0.5       0.41      0.29    
  -3.1       0.046    -1.6       0.12      1.3      -0.062   
  -3.1       0.046    -1.6       0.31      1.9      -0.061   
   0.52      3        -0.24      1.8      -0.32      0.59    
  -0.051    -0.15     -1.1       0.18     -0.1      -0.37    
   1.1      -0.19     -2.1       0.56     -0.077    -0.29    
   3.8       3.3      -0.62      0.72      0.2       0.65    
   2.3      -2.5      -3         0.18     -1.1      -0.47    
   2.3      -2.5      -3        -0.09     -2.2      -1.2     
  -2.8      -4.5      -3.5      -0.84      1.7       0.73    
   0.31      0.96     -0.16      0.65      0.22      0.12    
  -1.1      -1.1       0.44      0.21     -0.29     -0.43    
   1.1      -1.4      -0.083    -0.033    -0.11     -0.55    
   0.58     -0.87     -0.88      0.35     -0.58     -1.1     
  -0.14     -0.86      1.7      -0.34     -0.85     -0.4     
  -0.39      1.1      -0.052     0.76     -0.39     -0.51    
   13       -14       -5.8      -0.43     -0.45     -2.5     
  -7.8      -10        8.9       1.5       0.015     2.8     
  -1.2      -9.9      -13       -2.1      -1.4       0.25    
   9.6       5.1      -8.7      -1.6       0.68     -1       
   1.5      -1.9       0.72      0.15     -0.5      -1.1     
  -1.2       8         5.6      -1.5       0.18     -1.9     
  -9         2.4      -3.5       0.071    -3.6       0.045   
   2.3       0.2       1.5      -0.92      1.7      -0.14    
   3.6       1.5       3.6      -0.85      1.6      -1.5     
   13        5.1       11       -4.3       6.2       1.5     
  -8.3       3.5       15       -3.5      -1.4      -3.7     

QFRC_BIAS
  -11      
   83      
   4.1e+02 
  -14      
  -2.8     
   0.47    
  -10      
  -3       
   2.1     
   0.92    
  -0.22    
  -0.00043 
  -11      
  -7       
   1.8     
  -1.7     
  -0.34    
   0.034   
  -2.7     
  -4.2     
   22      
   15      
  -1.6     
  -1.3     
   4       
   0.44    
  -0.31    
  -0.61    
  -9.9     
  -8.5     
  -2       
  -3.3     
  -0.53    
  -0.29    
  -0.55    

QFRC_SPRING
   0       
   0       
   0       
   0       
   0       
   0       
   0       
   0       
   0       
   0       
   0       
   0       
   0       
   0       
   0       
   0       
   0       
   0       
   0       
   0       
   0       
   0       
   0       
   0       
   0       
   0       
   0       
   0       
   0       
   0       
   0       
   0       
   0       
   0       
   0       

QFRC_DAMPER
   0       
   0       
   0       
   0       
   0       
   0       
   0       
   0       
   0       
   0       
   0       
   0       
   0       
   0       
   0       
   0       
   0       
   0       
   0       
   0       
   0       
   0       
   0       
   0       
   0       
   0       
   0       
   0       
   0       
   0       
   0       
   0       
   0       
   0       
   0       

QFRC_GRAVCOMP
   0       
   0       
   0       
   0       
   0       
   0       
   0       
   0       
   0       
   0       
   0       
   0       
   0       
   0       
   0       
   0       
   0       
   0       
   0       
   0       
   0       
   0       
   0       
   0       
   0       
   0       
   0       
   0       
   0       
   0       
   0       
   0       
   0       
   0       
   0       

QFRC_FLUID
   0       
   0       
   0       
   0       
   0       
   0       
   0       
   0       
   0       
   0       
   0       
   0       
   0       
   0       
   0       
   0       
   0       
   0       
   0       
   0       
   0       
   0       
   0       
   0       
   0       
   0       
   0       
   0       
   0       
   0       
   0       
   0       
   0       
   0       
   0       

QFRC_PASSIVE
   0       
   0       
   0       
   0       
   0       
   0       
   0       
   0       
   0       
   0       
   0       
   0       
   0       
   0       
   0       
   0       
   0       
   0       
   0       
   0       
   0       
   0       
   0       
   0       
   0       
   0       
   0       
   0       
   0       
   0       
   0       
   0       
   0       
   0       
   0       

EFC_VEL
  -3.3     
   0.049   
   0.17    
  -0.59    
   0.47    
  -0.28    
   0.16    
  -0.12    
  -0.087   
  -0.41    
   0.21    
   0.01    
  -0.021   
  -0.13    
   0.12    

EFC_AREF
   4.2e+02 
   0.29    
   2.4     
   62      
  -49      
   30      
  -16      
   13      
   10      
   44      
  -21      
  -0.76    
   2.5     
   14      
  -12      

SUBTREE_LINVEL
   0         0         0       
   0         0         0       
   0         0         0       
   0         0         0       
   0         0         0       
   0         0         0       
   0         0         0       
   0         0         0       
   0         0         0       
   0         0         0       
   0         0         0       
   0         0         0       
   0         0         0       
   0         0         0       
   0         0         0       
   0         0         0       
   0         0         0       
   0         0         0       
   0         0         0       
   0         0         0       
   0         0         0       
   0         0         0       
   0         0         0       
   0         0         0       
   0         0         0       
   0         0         0       
   0         0         0       
   0         0         0       
   0         0         0       
   0         0         0       
   0         0         0       

SUBTREE_ANGMOM
   0         0         0       
   0         0         0       
   0         0         0       
   0         0         0       
   0         0         0       
   0         0         0       
   0         0         0       
   0         0         0       
   0         0         0       
   0         0         0       
   0         0         0       
   0         0         0       
   0         0         0       
   0         0         0       
   0         0         0       
   0         0         0       
   0         0         0       
   0         0         0       
   0         0         0       
   0         0         0       
   0         0         0       
   0         0         0       
   0         0         0       
   0         0         0       
   0         0         0       
   0         0         0       
   0         0         0       
   0         0         0       
   0         0         0       
   0         0         0       
   0         0         0       

ACTUATOR_FORCE
  -37      
   34      
   1.6     
  -69      
   4.9     
  -8       
   28      
  -7.7     
   1.4     
   18      
   1.4     
   0.057   
  -3.9     
   0.71    
   17      
  -13      
  -22      
   9.4     
  -5.9     
   25      
  -5       
   5       
   17      
   10      
  -2.9     
   3.6     
  -25      
   2.4     
   5       

QFRC_ACTUATOR
   0       
   0       
   0       
   0       
   0       
   0       
  -37      
   34      
   1.6     
  -69      
   4.9     
  -8       
   28      
  -7.7     
   1.4     
   18      
   1.4     
   0.057   
  -3.9     
   0.71    
   17      
  -13      
  -22      
   9.4     
  -5.9     
   25      
  -5       
   5       
   17      
   10      
  -2.9     
   3.6     
  -25      
   2.4     
   5       

QFRC_SMOOTH
   11      
  -83      
  -4.1e+02 
   14      
   2.8     
  -0.47    
  -27      
   36      
  -0.44    
  -70      
   5.1     
  -7.9     
   39      
  -0.67    
  -0.34    
   20      
   1.7     
   0.023   
  -1.1     
   4.9     
  -4.6     
  -28      
  -21      
   11      
  -9.8     
   25      
  -4.7     
   5.6     
   27      
   19      
  -0.87    
   6.9     
  -24      
   2.7     
   5.5     

QACC_SMOOTH
  -9       
   0.18    
  -4.1     
  -12      
  -1.2e+02 
   61      
   2.7e+02 
   1.3e+02 
   2e+02   
  -7.5e+02 
   7.6e+02 
  -1e+03   
   1.6e+02 
   18      
  -19      
   1.1e+02 
   32      
   8       
   1.5e+02 
  -1.1e+02 
   2.8e+02 
  -2.7e+02 
  -7.4e+02 
   2.7e+03 
  -1.3e+02 
   6.4e+03 
  -8e+02   
   1.3e+03 
   3.3e+02 
   5.3e+02 
  -1.2e+03 
  -1.6e+02 
  -5.9e+03 
   1.8e+02 
   1.7e+03 

EFC_B
   5.8e+02 
  -8.3     
  -1.1e+02 
  -2.4e+02 
   1.1e+02 
  -2e+02   
   67      
  -1.8e+02 
  -32      
  -2.5e+02 
   44      
  -2.2e+02 
  -89      
  -2.7e+02 
  -42      

EFC_FORCE
   0       
   0.061   
   22      
   1.5e+02 
   0       
   29      
   0       
   0       
   0       
   27      
   0       
   33      
   59      
   63      
   29      

EFC_STATE
  0
  1
  1
  1
  0
  1
  0
  1
  1
  1
  0
  1
  1
  1
  1

QFRC_CONSTRAINT
  -91      
   1.3e+02 
   3.9e+02 
   37      
   44      
  -19      
   43      
  -22      
  -13      
   77      
  -5.7     
   3.7     
   0       
   0       
   0       
   0       
   0       
  -0.061   
   0       
   22      
   0       
   0       
   0       
   0       
   0       
   0       
   0       
   0       
   0       
   0       
   0       
   0       
   0       
   0       
   0       

QFRC_INVERSE
   0       
   0       
   0       
   0       
   0       
   0       
   0       
   0       
   0       
   0       
   0       
   0       
   0       
   0       
   0       
   0       
   0       
   0       
   0       
   0       
   0       
   0       
   0       
   0       
   0       
   0       
   0       
   0       
   0       
   0       
   0       
   0       
   0       
   0       
   0       

CACC
   0         0         0        -0        -0         9.8     
  -33       -30        13        1.7       3.8       11      
  -20        6.6       8.3       2.1       3.8       12      
  -34        11       -2.8       2.1       5.1       13      
   40       -34       -1.1e+02  -5         12        5.1     
   47        16       -1.2e+02   11        13        15      
   30       -81       -94       -47        21        8.7     
  -5.6e+02   31       -94        19        3.7e+02  -39      
  -11        29        1.2       3.1       3.4       12      
  -4.1       26        15        0.02      3.6       14      
  -9.9       16        11       -0.72      3.1       13      
   34        1e+02    -36        38       -8.9       27      
   54        1.4e+02  -57        65       -21        33      
   54        1.4e+02  -57        65       -21        33      
  -60       -5.3       1.2e+02  -2.4       2.4       10      
  -64       -1.7       1.2e+02  -2.8       1.8       10      
   20        74        53       -13        13        9.6     
  -1.3e+02  -1.1e+02   1.3e+02   50       -23        45      
  -6.5e+02   4.2e+02   3.6e+02   9.5      -1.3e+02   2.1e+02 
   8.8e+02   1e+03     2.4e+03   4.7e+02   1.2e+02  -2.1e+02 
   8.9e+02   9.8e+02   2.4e+03   4.7e+02   1.2e+02  -2.1e+02 
   1.8e+03  -3.3e+03  -2.2e+03  -4.4e+02  -2e+02    -83      
   1.4e+03  -3.9e+03  -1.8e+03  -4.1e+02  -1.6e+02   6.7     
   2.1e+03  -3.6e+03  -7.2e+02  -2.6e+02  -1.8e+02  -80      
   2.3e+02   1.8e+02  -1.5e+02  -73        60       -27      
   5.9e+02   46        2e+02     18        2.4e+02  -55      
   4.6e+02  -1e+03    -2.3e+02   3.3e+02   1.3e+02   1.3e+02 
   4.1e+02  -1e+03    -1.1e+02   3.3e+02   1.3e+02   1.3e+02 
  -2.1e+03   4.3e+03   1.7e+02  -1.2e+03  -5.2e+02  -9.6e+02 
  -2e+03     4.4e+03  -15       -1.2e+03  -5.3e+02  -9.6e+02 
  -4.7e+02   4e+03     7.3e+02  -1.3e+03  -28       -5.6e+02 

CFRC_INT
  -1e-13    -1.5e-13   1.4e-14  -5.7e-14  -1.8e-13   1.1e-13 
  -1e-13    -1.5e-13   1.4e-14  -5.7e-14  -1.8e-13   1.1e-13 
  -16       -25        20        82       -71       -3.2e+02 
  -17       -25        20        80       -75       -3.4e+02 
  -18       -22        20        79       -77       -3.5e+02 
  -19       -20        19        81       -81       -3.7e+02 
  -31       -20        16        86       -1.1e+02  -3.9e+02 
  -33       -20        16        86       -1.1e+02  -3.9e+02 
  -12        28       -23       -60        62        1.2e+02 
  -9.5       28       -23       -63        57        1.1e+02 
  -5.5       29       -24       -65        51        83      
   0.66      29       -23       -61        41        51      
   4         17       -12       -29        17        13      
   3.7       15       -11       -26        15        12      
   30       -2.5       2.5      -28       -5.9       1.5e+02 
   30       -2.5       2.5      -28       -7.7       1.5e+02 
   30       -2.5       2.5      -27       -8         1.5e+02 
   32       -2.9       17       -26       -1e+02     1.1e+02 
   30       -1.4       15       -20       -1.1e+02   99      
   22        0.74      10       -2.1      -80        80      
   6.6      -1.3      -2.4       23       -2.8       36      
   3        -2.7      -5.4       26        18        18      
   2.9      -2.3      -4.6       22        16        19      
   1.2      -0.27     -0.41     -2         2         11      
  -17       -4        -18        18        72       -71      
  -20       -7.1      -18        14        74       -83      
  -17       -8.7      -16        4.7       68       -74      
  -11       -7.2      -12       -17        39       -31      
  -9.3      -4.7      -10       -30        16        9.1     
  -9        -4.8      -10       -32        12        14      
  -6.1      -2.3      -6.6      -22        1.1       19      

CFRC_EXT
   0         0         0         0         0         0       
   0         0         0         0         0         0       
   0         0         0         0         0         0       
   0         0         0         0         0         0       
   0         0         0         0         0         0       
   0         0         0         0         0         0       
   0         0         0         0         0         0       
   40        22       -15       -91        1.3e+02   3.9e+02 
   0         0         0         0         0         0       
   0         0         0         0         0         0       
   0         0         0         0         0         0       
   0         0         0         0         0         0       
   0         0         0         0         0         0       
   0         0         0         0         0         0       
   0         0         0         0         0         0       
   0         0         0         0         0         0       
   0         0         0         0         0         0       
   0         0         0         0         0         0       
   0         0         0         0         0         0       
   0         0         0         0         0         0       
   0         0         0         0         0         0       
   0         0         0         0         0         0       
   0         0         0         0         0         0       
   0         0         0         0         0         0       
   0         0         0         0         0         0       
   0         0         0         0         0         0       
   0         0         0         0         0         0       
   0         0         0         0         0         0       
   0         0         0         0         0         0       
   0         0         0         0         0         0       
   0         0         0         0         0         0       

TREE_ISLAND
  0

ISLAND_NTREE
  1

ISLAND_ITREEADR
  0

MAP_ITREE2TREE
  0

DOF_ISLAND            0 0 0 0 0 0 0 0 0 0 0 0 0 0 0 0 0 0 0 0 0 0 0 0 0 0 0 0 0 0 0 0 0 0 0

ISLAND_NV             35

ISLAND_IDOFADR        0

MAP_IDOF2DOF          0 1 2 3 4 5 6 7 8 9 10 11 12 13 14 15 16 17 18 19 20 21 22 23 24 25 26 27 28 29 30 31 32 33 34

EFC_ISLAND            0 0 0 0 0 0 0 0 0 0 0 0 0 0 0

ISLAND_NEFC           15

ISLAND_IEFCADR        0

MAP_IEFC2EFC          0 1 2 3 4 5 6 7 8 9 10 11 12 13 14

